$ANSIBLE_VAULT;1.1;AES256
63306661313438383334316335316636313132663138636630636536663630643730643464633137
3239353662316162613334353136393938626436333337630a306334613138363235633734643931
35616466343834343961623935643164643430393438643132323838636433306639623566663862
6162383064333034380a343635333965386535313466626137623935633331366130336631386335
34626561326465653630393161366230643063323065303630383263643564623964316431633139
32663834333465643932643264323465356133373433376330386164303331313131666631626138
31386366393739303736633935363739663632393063393632623065623664383265383937393337
30353061333737616330333737346135343436306339633361623934383965376630613962343833
33393963366131336231313232316464343033353930303533663734373061623463373036333436
37643832613531306463613337626236386664386635343330336431393763336236353537333830
39323662656530616630363461316233333530303463313561633863643666303233333862646332
36666134316436616665646661616533303566656561633436363834626333353661663965346331
39393564323237323133616663663765633864633862383633306465313163393261313966373964
33663630386433363135643734653063323561303365356433653633626133333933313962323162
63366639313737616462643935653464343833386266616135323762633931343363366633323531
64376238653737303337323439623761633237636334653539656638666339666464616332656163
34666432363830643135353831633430636366396135343061393261313839326136313636663630
32623334323266356365346438623238633165346332333130653138343331303466363139633463
653466643733633735333062326566616463
